%%                        Base de DADOS
%%%%%%%%%%%%%%%%%%%%%%%%%%%%%%%%%%%%%%%%%%%%%%%%%%%%%%%%%%%%%%%%%%%%%%%%%%%
% ==================== Sistema com 10 UTEs ================================
% ================= Zona de Operação Proibida =============================
%%%%%%%%%%%%%%%%%%%%%%%%%%%%%%%%%%%%%%%%%%%%%%%%%%%%%%%%%%%%%%%%%%%%%%%%%%%
% Demanda do sistema (PD)
PD = 2700;%MW
%%%%%%%%%%%%%%%%%%%%%%%%%%%%%%%%%%%%%%%%%%%%%%%%%%%%%%%%%%%%%%%%%%%%%%%%%%%
%%                    Matriz de coeficientes
%%%%%%%%%%%%%%%%%%%%%%%%%%%%%%%%%%%%%%%%%%%%%%%%%%%%%%%%%%%%%%%%%%%%%%%%%%%
%   UTE      a        b         c      Pmin  Pmax
%    1       2        3         4        5    6

Dados_Usinas = [
    
     1    26.97   -0.3975   0.002176    100  196;
     1    26.97   -0.3975   0.002176    216  250;
     
     2     1.865  -0.03988  0.001138     50  114;
     2     1.865  -0.03988  0.001138    134  157;
     2     1.865  -0.03988  0.001138    177  230;
     
     3    39.79   -0.3116   0.001457    200  332;
     3    39.79   -0.3116   0.001457    352  388;
     3    39.79   -0.3116   0.001457    408  500;
     
     4     1.983  -0.03114  0.001049     99  138;
     4     1.983  -0.03114  0.001049    158  200;
     4     1.983  -0.03114  0.001049    220  265;
     
     5    13.92   -0.08733  0.001066    190  338;
     5    13.92   -0.08733  0.001066    358  407;
     5    13.92   -0.08733  0.001066    427  490;
     
     6     1.983  -0.03114  0.001049     85  138;
     6     1.983  -0.03114  0.001049    158  200;
     6     1.983  -0.03114  0.001049    220  265;
     
     7    18.93   -0.1325   0.001107    200  331;
     7    18.93   -0.1325   0.001107    351  391;
     7    18.93   -0.1325   0.001107    411  500;
     
     8     1.983  -0.03114  0.001049     99  138;
     8     1.983  -0.03114  0.001049    158  200;
     8     1.983  -0.03114  0.001049    220  265;
     
     9    14.23   -0.01817  0.0006121   130  213;
     9    14.23   -0.01817  0.0006121   233  370;
     9    14.23   -0.01817  0.0006121   390  440;
     
    10    13.97   -0.09938  0.001102    200  362;
    10    13.97   -0.09938  0.001102    382  407;
    10    13.97   -0.09938  0.001102    427  490;
];