    %%                        Base de DADOS
%%%%%%%%%%%%%%%%%%%%%%%%%%%%%%%%%%%%%%%%%%%%%%%%%%%%%%%%%%%%%%%%%%%%%%%%%%%
% ==================== Sistema com 15 UTEs ================================
% ================= Zona de Operação Proibida =============================
%%%%%%%%%%%%%%%%%%%%%%%%%%%%%%%%%%%%%%%%%%%%%%%%%%%%%%%%%%%%%%%%%%%%%%%%%%%
% Demanda do sistema (PD)
PD = 2650;%MW

%%%%%%%%%%%%%%%%%%%%%%%%%%%%%%%%%%%%%%%%%%%%%%%%%%%%%%%%%%%%%%%%%%%%%%%%%%%
%%                    Matriz de coeficientes
%%%%%%%%%%%%%%%%%%%%%%%%%%%%%%%%%%%%%%%%%%%%%%%%%%%%%%%%%%%%%%%%%%%%%%%%%%%
%   UTE       a          b           c       Pmin  Pmax
%    1        2          3           4         5    6

Dados_Usinas = [
% DGER = [    
     1     671.03      10.07      0.000299    150  455;
     
     2     574.54      10.22      0.000183    150  185;
     2     574.54      10.22      0.000183    225  305;
     2     574.54      10.22      0.000183    335  420;
     2     574.54      10.22      0.000183    450  455;
     
     3     374.59      08.80      0.001126     20  130;
     
     4     374.59      08.80      0.001126     20  130;
     
     5     461.37      10.40      0.000205    150  180;
     5     461.37      10.40      0.000205    200  260;
     5     461.37      10.40      0.000205    335  390;
     5     461.37      10.40      0.000205    420  470;
     
     6     630.14      10.10      0.000301    135  230;
     6     630.14      10.10      0.000301    255  365;
     6     630.14      10.10      0.000301    395  430;
     6     630.14      10.10      0.000301    455  460;
     
     7     548.20      09.87      0.000364    135  465;
      
     8     227.09      11.50      0.000338     60  300;
     
     9     173.72      11.21      0.000807     25  162;
    
    10     175.95      10.72      0.001203     20  160;
    
    11     186.86      11.21      0.003586     20   80;
    
    12     230.27      09.90      0.005513     20   30;
    12     230.27      09.90      0.005513     55   65;
    12     230.27      09.90      0.005513     75   80;
    
    13     225.28      13.12      0.000371     25   85;
    
    14     309.03      12.12      0.001929     15   55;
    
    15     323.79      12.41      0.004447     15   55;
];